# VJET
org.eclipse.vjet.vsf.domkit.feature.group=[0.10.0.201403201656,0.10.0.201403201656]
org.eclipse.vjet.rt.feature.group=[0.10.0.201403201656,0.10.0.201403201656]
org.eclipse.vjet.core.feature.group=[0.10.0.201403201656,0.10.0.201403201656]
org.eclipse.vjet.extmod.jsdt.feature.group=[0.10.0.201403201656,0.10.0.201403201656]
org.eclipse.vjet.codegen.feature.group=[0.10.0.201403201656,0.10.0.201403201656]
org.eclipse.vjet.eclipse.feature.group=[0.10.0.201403201656,0.10.0.201403201656]
org.eclipse.vjet.extmod.rhino.feature.group=[0.10.0.201403201656,0.10.0.201403201656]
org.eclipse.vjet.extmod.dltk.core.feature.group=[0.10.0.201403201656,0.10.0.201403201656]
org.eclipse.vjet.web.feature.group=[0.10.0.201403201656,0.10.0.201403201656]
# AngularJS (Tern is "regular" central in JBT
angularjs-eclipse-feature.feature.group=0.0.0
# Arquillian
org.jboss.tools.arquillian.feature.feature.group=0.0.0
