#VJET
org.eclipse.vjet.rt.feature.group=[0.10.0.201403201656,0.10.0.201403201656]
org.eclipse.vjet.core.feature.group=[0.10.0.201403201656,0.10.0.201403201656]
org.eclipse.vjet.extmod.jsdt.feature.group=[0.10.0.201403201656,0.10.0.201403201656]
org.eclipse.vjet.web.feature.group=[0.10.0.201403201656,0.10.0.201403201656]
org.eclipse.vjet.extmod.dltk.core.feature.group=[0.10.0.201403201656,0.10.0.201403201656]
org.eclipse.vjet.codegen.feature.group=[0.10.0.201403201656,0.10.0.201403201656]
org.eclipse.vjet.eclipse.feature.group=[0.10.0.201403201656,0.10.0.201403201656]
org.eclipse.vjet.vsf.domkit.feature.group=[0.10.0.201403201656,0.10.0.201403201656]
org.eclipse.vjet.extmod.rhino.feature.group=[0.10.0.201403201656,0.10.0.201403201656]
# Tern, AngularJS
tern-server-nodejs-feature.feature.group=0.0.0
tern-feature.feature.group=0.0.0
tern-jsdt-feature.feature.group=0.0.0
tern.eclipse.ide.server.nodejs.embed.feature.group=0.0.0
tern.eclipse.ide.tools.feature.feature.group=0.0.0
angularjs-eclipse-feature.feature.group=0.0.0
# Arquillian
org.jboss.tools.arquillian.feature.feature.group=0.0.0
